128
-50.0 0.0 -50.0 0.6481287005852706 0 0 1 1
-50.0 14.0866278421 -47.9746486807 0.17108924853281116 0 0 1 1
-50.0 12.5842523822 -33.3771972388 0.9731426429064459 0 0 1 1
-50.0 0.785520223347 -34.785766212 0.43574841080974636 0 0 1 1
-50.0 27.0320408728 -42.0626766416 0.5112579240155526 0 0 1 1
-50.0 23.3892575844 -30.1656980752 0.7590456246565924 0 0 1 1
-50.0 37.7874787177 -32.7430366973 0.3375705400290865 0 0 1 1
-50.0 31.6453224088 -27.0481297538 0.753024334404554 0 0 1 1
-50.0 45.4815997677 -20.7707506501 0.18795916113750022 0 0 1 1
-50.0 33.7592309242 -18.235654489 0.5845459338701258 0 0 1 1
-50.0 49.491072094 -7.11574191366 0.12439465076690903 0 0 1 1
-50.0 35.5218153541 -6.64802376884 0.3017826316879547 0 0 1 1
-50.0 49.491072094 7.11574191366 0.25689724653160007 0 0 1 1
-50.0 35.2518581042 5.86244013606 0.3859006359418723 0 0 1 1
-50.0 45.4815997677 20.7707506501 0.0023069818807435194 0 0 1 1
-50.0 33.1846386856 17.7015047075 0.19446846293128628 0 0 1 1
-50.0 37.7874787177 32.7430366973 0.37262239319022816 0 0 1 1
-50.0 31.0531601661 26.9466506297 0.0798146958777809 0 0 1 1
-50.0 27.0320408728 42.0626766416 0.42446869044692614 0 0 1 1
-50.0 22.316730865 30.0503630396 0.8648691892155986 0 0 1 1
-50.0 14.0866278421 47.9746486807 0.518373665214405 0 0 1 1
-50.0 10.7045960651 33.1106352109 0.3762602858608507 0 0 1 1
-50.0 6.12323399574e-15 50.0 0.09143861529116026 0 0 1 1
-50.0 -1.435403009 35.4428436202 0.7083166962092663 0 0 1 1
-50.0 -14.0866278421 47.9746486807 0.029639297233841178 0 0 1 1
-50.0 -11.2782569222 37.9543284827 0.23467157964451302 0 0 1 1
-50.0 -27.0320408728 42.0626766416 0.6143322065926857 0 0 1 1
-50.0 -18.5684969048 30.6667188299 0.8939907324478796 0 0 1 1
-50.0 -37.7874787177 32.7430366973 0.2948251242067754 0 0 1 1
-50.0 -27.8209090714 21.9761822593 0.8128871782361508 0 0 1 1
-50.0 -45.4815997677 20.7707506501 0.7290838760749834 0 0 1 1
-50.0 -35.7846874346 13.1119736676 0.7421537697112143 0 0 1 1
-50.0 -49.491072094 7.11574191366 0.4126601664533255 0 0 1 1
-50.0 -41.248210455 5.87634263981 0.9448018417776403 0 0 1 1
-50.0 -49.491072094 -7.11574191366 0.0315726167058441 0 0 1 1
-50.0 -38.4688718362 -2.5986876618 0.5763269720526679 0 0 1 1
-50.0 -45.4815997677 -20.7707506501 0.30936457754313673 0 0 1 1
-50.0 -34.5418761756 -13.2372294092 0.9030145309401844 0 0 1 1
-50.0 -37.7874787177 -32.7430366973 0.609431404310843 0 0 1 1
-50.0 -28.601774734 -23.1789039141 0.040578509975566 0 0 1 1
-50.0 -27.0320408728 -42.0626766416 0.6545294339868676 0 0 1 1
-50.0 -20.9758751237 -30.8521048563 0.48005109733558193 0 0 1 1
-50.0 -14.0866278421 -47.9746486807 0.8564371618751608 0 0 1 1
-50.0 -10.7530979306 -34.190010979 0.923101882067491 0 0 1 1
-50.0 22.9837351263 -19.0634021121 0.13068230347800192 0 0 1 1
-50.0 11.9088453158 -20.6765571263 0.400843452026896 0 0 1 1
-50.0 23.16301209 -7.10259875996 0.4783635289895174 0 0 1 1
-50.0 22.4567293968 5.46643367837 0.6354172247125657 0 0 1 1
-50.0 21.5432857674 18.1771068088 0.622996314518349 0 0 1 1
-50.0 8.84542151482 19.0519953493 0.0018920640436473901 0 0 1 1
-50.0 -6.74918995771 20.0923253563 0.5615003659714681 0 0 1 1
-50.0 -19.813767778 11.2294609098 0.881371715000147 0 0 1 1
-50.0 -29.6756799945 3.82511075198 0.9288840306368716 0 0 1 1
-50.0 -24.9601885321 -6.78399755298 0.45702233312668616 0 0 1 1
-50.0 -20.7270928285 -16.4088466014 0.246589426209066 0 0 1 1
-50.0 -16.9489574562 -23.5091556846 0.02444247103095376 0 0 1 1
-50.0 0.844541406603 -22.1404223209 0.7176558989281611 0 0 1 1
-50.0 11.1238642661 -8.17586569309 0.7764903943420534 0 0 1 1
-50.0 -0.535608055063 -10.0531864478 0.7638980266725084 0 0 1 1
-50.0 9.87164544011 4.97446609046 0.37621951844734314 0 0 1 1
-50.0 -2.94705471877 3.21423302761 0.054479534394924145 0 0 1 1
-50.0 -14.7596491751 -1.18360316394 0.33839104074116544 0 0 1 1
-50.0 -9.2307058195 -23.1740737412 0.8184535095007578 0 0 1 1
-50.0 -11.2885972253 -12.7789330653 0.7537196610994652 0 0 1 1
50.0 0.0 -50.0 -0.7878023175109463 0 0 1 1
50.0 14.0866278421 -47.9746486807 -1.0256270261364726 0 0 1 1
50.0 12.5842523822 -33.3771972388 -0.7939581126784285 0 0 1 1
50.0 0.785520223347 -34.785766212 -0.31224671468031195 0 0 1 1
50.0 27.0320408728 -42.0626766416 -0.757872428699632 0 0 1 1
50.0 23.3892575844 -30.1656980752 -2.6904427989505173 0 0 1 1
50.0 37.7874787177 -32.7430366973 -0.2883692000864929 0 0 1 1
50.0 31.6453224088 -27.0481297538 -0.10693576156561635 0 0 1 1
50.0 45.4815997677 -20.7707506501 -0.08664669091975596 0 0 1 1
50.0 33.7592309242 -18.235654489 -0.31161972171921104 0 0 1 1
50.0 49.491072094 -7.11574191366 -2.773879290838993 0 0 1 1
50.0 35.5218153541 -6.64802376884 -0.9625611317094018 0 0 1 1
50.0 49.491072094 7.11574191366 -0.7478902743703096 0 0 1 1
50.0 35.2518581042 5.86244013606 -0.8522736640655482 0 0 1 1
50.0 45.4815997677 20.7707506501 -1.9865957909569834 0 0 1 1
50.0 33.1846386856 17.7015047075 -1.6273022985011967 0 0 1 1
50.0 37.7874787177 32.7430366973 -2.8832717050848244 0 0 1 1
50.0 31.0531601661 26.9466506297 -0.6587569392272522 0 0 1 1
50.0 27.0320408728 42.0626766416 -0.41660890882494317 0 0 1 1
50.0 22.316730865 30.0503630396 -2.158434495948966 0 0 1 1
50.0 14.0866278421 47.9746486807 -1.403524821800258 0 0 1 1
50.0 10.7045960651 33.1106352109 -1.253394191407692 0 0 1 1
50.0 6.12323399574e-15 50.0 -2.6863390695331124 0 0 1 1
50.0 -1.435403009 35.4428436202 -1.3758597658947527 0 0 1 1
50.0 -14.0866278421 47.9746486807 -0.9170865213733991 0 0 1 1
50.0 -11.2782569222 37.9543284827 -2.160842645367433 0 0 1 1
50.0 -27.0320408728 42.0626766416 -0.7167485721507808 0 0 1 1
50.0 -18.5684969048 30.6667188299 -2.3536694221206704 0 0 1 1
50.0 -37.7874787177 32.7430366973 -2.7715018451778013 0 0 1 1
50.0 -27.8209090714 21.9761822593 -1.9541572117363328 0 0 1 1
50.0 -45.4815997677 20.7707506501 -1.0133898751766726 0 0 1 1
50.0 -35.7846874346 13.1119736676 -2.05478020091358 0 0 1 1
50.0 -49.491072094 7.11574191366 -0.8730545734069189 0 0 1 1
50.0 -41.248210455 5.87634263981 -0.10438448049933557 0 0 1 1
50.0 -49.491072094 -7.11574191366 -0.03406431449488301 0 0 1 1
50.0 -38.4688718362 -2.5986876618 -1.798000131933087 0 0 1 1
50.0 -45.4815997677 -20.7707506501 -1.7609080624801174 0 0 1 1
50.0 -34.5418761756 -13.2372294092 -0.05579066640096053 0 0 1 1
50.0 -37.7874787177 -32.7430366973 -1.5972374738371524 0 0 1 1
50.0 -28.601774734 -23.1789039141 -1.6587601826686496 0 0 1 1
50.0 -27.0320408728 -42.0626766416 -1.762147430417028 0 0 1 1
50.0 -20.9758751237 -30.8521048563 -0.19623314569272488 0 0 1 1
50.0 -14.0866278421 -47.9746486807 -0.872149516633164 0 0 1 1
50.0 -10.7530979306 -34.190010979 -2.1579995022169784 0 0 1 1
50.0 22.9837351263 -19.0634021121 -2.7428019115322666 0 0 1 1
50.0 11.9088453158 -20.6765571263 -1.4413219574862919 0 0 1 1
50.0 23.16301209 -7.10259875996 -1.2115176952734221 0 0 1 1
50.0 22.4567293968 5.46643367837 -1.109561200485866 0 0 1 1
50.0 21.5432857674 18.1771068088 -2.0680924966555985 0 0 1 1
50.0 8.84542151482 19.0519953493 -0.04083532255672839 0 0 1 1
50.0 -6.74918995771 20.0923253563 -2.1293730763712624 0 0 1 1
50.0 -19.813767778 11.2294609098 -1.164364324807748 0 0 1 1
50.0 -29.6756799945 3.82511075198 -2.536887319350429 0 0 1 1
50.0 -24.9601885321 -6.78399755298 -1.818173961539347 0 0 1 1
50.0 -20.7270928285 -16.4088466014 -1.1916866521724998 0 0 1 1
50.0 -16.9489574562 -23.5091556846 -2.5414302333194585 0 0 1 1
50.0 0.844541406603 -22.1404223209 -0.9411394080426138 0 0 1 1
50.0 11.1238642661 -8.17586569309 -1.1222544691401573 0 0 1 1
50.0 -0.535608055063 -10.0531864478 -1.757504492837828 0 0 1 1
50.0 9.87164544011 4.97446609046 -1.3656896653735295 0 0 1 1
50.0 -2.94705471877 3.21423302761 -0.6071150138719105 0 0 1 1
50.0 -14.7596491751 -1.18360316394 -1.7526645545401056 0 0 1 1
50.0 -9.2307058195 -23.1740737412 -0.28470205881071353 0 0 1 1
50.0 -11.2885972253 -12.7789330653 -1.0311792293777062 0 0 1 1
